0
0
0
0
0
0
0
0
0
0
0
0
0
0
0
0
2
8
13
28
34
37
41
46
48
50
53
54
55
55
55
62
65
63
66
67
68
64
62
60
58
55
54
53
51
54
50
49
49
47
46
45
48
46
44
44
46
49
44
39
35
31
28
32
30
26
21
13
8
3
2
0
0
0
0
0
0
0
0
0
0
0
0
0
0
0
0
0
0
0
2
2
3
14
22
31
41
47
52
58
61
66
67
68
63
67
73
72
75
74
73
68
68
66
63
58
57
59
60
63
62
57
55
54
52
55
53
46
54
56
56
55
48
38
36
32
35
30
32
35
33
31
23
13
7
1
0
0
0
0
0
0
0
0
0
0
0
0
0
0
0
0
0
0
0
2
3
6
10
24
38
49
56
59
65
66
73
75
75
74
74
72
68
70
70
71
71
72
72
70
70
67
66
65
63
67
67
70
63
58
63
61
64
61
56
49
48
47
41
42
41
38
38
37
32
32
34
29
28
9
1
0
0
0
0
0
0
0
0
0
0
0
0
0
0
0
0
0
0
0
2
3
13
32
40
44
55
65
68
71
71
73
71
69
64
66
67
66
70
72
73
76
78
76
72
72
75
78
75
74
73
72
71
71
65
61
57
56
57
55
54
54
56
51
48
46
44
42
37
37
33
30
28
27
19
5
0
0
0
0
0
0
0
0
0
0
0
0
0
0
0
0
0
1
3
6
19
37
50
54
55
55
59
64
63
62
64
65
62
60
64
62
62
70
77
81
83
84
78
77
80
78
77
78
75
72
67
64
63
64
64
65
64
62
61
62
56
44
48
52
57
58
53
46
38
33
33
27
23
16
11
4
0
0
0
0
0
0
0
0
0
0
0
0
1
2
4
3
4
17
34
42
50
54
51
48
49
50
52
60
64
65
62
58
55
59
65
68
72
80
83
85
85
80
78
74
70
67
66
69
66
66
67
68
73
72
70
72
69
60
51
50
56
52
54
52
61
63
52
44
39
34
31
19
14
11
7
1
0
0
0
0
0
0
0
0
1
2
4
3
3
10
19
32
36
35
32
38
45
48
54
52
50
52
53
55
59
60
62
61
64
67
70
79
79
78
75
66
65
65
66
64
65
66
65
67
69
75
77
78
77
75
67
64
59
62
62
59
60
54
49
51
55
53
53
53
37
32
26
11
8
5
1
0
0
0
0
0
0
1
3
4
4
8
12
22
27
21
22
28
32
35
38
45
51
52
55
54
52
50
51
55
60
70
71
68
64
59
59
63
67
65
61
61
62
60
59
61
62
66
70
78
77
75
72
70
68
67
71
72
73
65
59
55
52
47
48
45
45
52
49
46
38
28
15
9
3
0
0
0
0
0
1
3
4
7
10
14
17
16
15
21
24
25
31
35
38
39
40
43
49
50
53
61
58
58
58
57
54
56
54
51
52
53
59
62
60
57
56
57
53
54
61
65
71
71
69
66
67
67
71
73
73
71
69
68
68
62
56
56
44
35
37
45
46
48
46
39
27
18
13
4
0
0
0
1
2
4
8
11
13
12
12
13
15
20
23
28
28
31
36
37
39
42
42
46
55
54
50
49
48
50
50
50
51
51
49
47
49
53
57
57
54
51
49
49
54
63
61
62
64
65
70
71
65
68
66
67
68
68
67
66
62
55
43
41
40
37
40
43
42
44
32
22
17
12
9
2
0
0
1
6
11
13
11
11
9
10
16
17
22
25
28
32
36
38
40
35
36
43
45
43
37
40
40
44
49
50
51
50
51
51
49
44
46
48
48
43
44
44
50
61
61
63
64
59
58
60
61
63
63
64
64
62
62
58
57
52
47
49
43
39
32
34
39
37
33
22
20
17
15
10
6
0
0
6
12
14
10
11
8
6
11
15
22
26
27
28
31
32
35
29
33
37
34
35
32
30
33
38
43
44
48
49
51
52
52
50
45
37
30
25
34
43
53
57
58
55
55
54
58
58
58
58
57
57
56
55
55
52
51
52
45
42
44
43
34
31
31
29
27
22
23
21
16
14
13
6
0
0
13
12
10
8
7
8
8
13
18
21
24
26
27
27
30
27
22
28
30
31
31
29
28
31
39
39
42
44
45
45
47
48
46
38
31
30
27
29
44
46
46
49
52
52
53
52
52
50
49
49
49
45
46
45
47
46
38
39
42
41
35
27
23
22
25
23
23
25
17
17
15
11
2
0
0
10
8
8
12
12
9
8
14
19
20
22
25
27
27
25
24
22
28
29
31
33
34
31
36
40
42
43
43
43
44
47
48
43
35
34
36
30
35
42
49
50
50
51
50
49
50
50
50
47
47
46
47
47
46
42
37
40
39
37
33
29
21
20
25
25
28
24
21
21
18
15
5
0
0
0
4
10
10
10
12
12
10
7
17
19
20
24
25
26
22
24
24
27
34
35
37
35
34
35
42
40
42
48
47
44
39
38
38
37
38
38
42
45
46
44
48
47
47
47
46
46
47
46
48
48
48
47
43
38
37
36
35
34
29
27
23
22
27
27
24
26
26
24
21
15
8
0
0
0
0
5
8
8
10
10
9
10
7
10
17
22
23
22
22
22
24
30
31
34
36
38
36
33
38
42
43
44
42
38
41
40
40
36
37
42
43
40
43
44
44
47
46
46
44
44
45
46
46
46
45
40
36
36
36
34
32
29
26
25
26
26
24
24
28
28
26
24
21
18
8
0
0
0
0
0
6
5
6
7
7
7
6
6
6
11
19
21
21
24
24
28
30
32
35
35
39
40
38
35
36
38
41
41
40
38
38
39
36
38
40
40
44
41
42
41
40
42
48
47
46
43
40
37
36
35
32
33
32
33
29
28
30
29
27
22
24
27
28
27
24
23
19
17
8
0
0
0
0
0
0
7
5
5
4
4
4
4
3
4
6
12
17
22
22
31
30
29
34
34
35
36
37
39
36
37
37
35
37
36
38
39
37
37
37
36
39
40
41
40
41
41
39
38
39
38
39
35
33
29
29
30
30
27
30
31
28
27
26
22
28
26
24
24
21
20
17
13
8
0
0
0
0
0
0
0
5
7
6
5
3
3
2
1
1
2
7
12
17
21
26
29
32
34
34
34
34
35
36
37
31
32
33
35
36
36
34
33
35
35
35
38
39
38
36
35
33
31
31
30
30
31
28
33
33
27
27
27
26
28
26
24
24
27
26
24
22
19
18
16
13
10
4
0
0
0
0
0
0
0
0
3
7
8
6
6
5
3
0
0
5
8
11
9
20
32
36
40
38
40
38
44
44
42
41
41
40
39
37
42
42
43
42
41
40
40
40
43
43
41
38
33
33
31
32
34
37
36
36
34
36
38
33
28
28
30
32
30
29
27
24
22
18
15
12
9
4
0
0
0
0
0
0
0
0
0
1
2
5
10
10
7
5
7
6
10
7
4
12
24
34
34
39
39
45
47
45
48
47
47
50
52
47
44
47
45
45
46
45
46
46
45
46
45
42
42
39
38
39
37
39
39
44
42
42
39
38
38
40
33
33
32
30
29
26
23
20
15
11
6
0
0
0
0
0
0
0
0
0
0
0
0
0
1
0
4
8
12
14
19
15
11
13
18
27
27
30
39
44
42
45
51
50
53
50
54
53
51
50
51
54
51
46
46
47
47
48
51
49
48
50
47
49
46
45
48
42
43
43
44
45
45
43
39
39
35
30
29
26
25
20
14
9
0
0
0
0
0
0
0
0
0
0
0
0
0
0
0
0
0
1
2
4
11
23
28
31
22
20
23
30
34
42
41
44
49
49
47
48
49
52
53
52
56
55
54
50
45
46
57
54
53
58
60
59
59
56
56
50
47
46
49
50
50
48
45
44
44
42
39
34
31
28
24
23
12
1
0
0
0
0
0
0
0
0
0
0
0
0
0
0
0
0
0
0
2
2
3
13
18
21
29
32
33
38
42
35
36
37
42
48
49
48
47
48
48
50
50
46
49
54
51
52
54
56
57
61
63
67
71
60
59
57
56
55
55
53
51
50
50
50
45
42
41
39
39
28
26
20
5
0
0
0
0
0
0
0
0
0
0
0
0
0
0
0
0
