0
0
0
0
0
0
0
0
0
0
0
0
0
0
0
0
0
0
0
0
0
0
0
4
11
13
5
4
2
0
0
0
0
0
9
16
18
15
10
9
12
18
34
39
40
46
45
50
53
56
59
58
65
66
65
68
71
72
69
65
58
43
26
29
23
13
17
15
24
32
31
36
36
43
43
39
36
35
29
28
20
13
5
4
1
0
0
0
0
0
0
0
0
0
0
0
0
0
0
0
0
0
0
0
0
0
0
1
5
7
10
12
6
0
0
0
0
0
0
0
4
8
11
15
13
15
17
22
31
40
44
51
56
64
66
69
67
68
76
82
81
82
82
80
77
62
41
35
27
13
15
21
21
24
34
35
46
57
54
53
51
47
42
39
36
24
12
6
1
0
0
0
0
0
0
0
0
0
0
0
0
0
0
0
0
0
0
0
0
0
0
2
3
2
6
9
5
9
7
1
0
2
0
0
0
0
4
9
10
12
10
18
25
33
44
63
73
69
66
61
66
74
77
78
83
83
75
61
58
58
57
49
46
43
41
34
23
28
42
45
42
50
55
58
59
63
57
57
55
42
31
19
8
0
0
0
0
0
0
0
0
0
0
0
0
0
0
0
0
0
0
0
0
0
0
1
3
4
2
3
7
7
6
4
6
6
1
0
0
0
2
0
6
15
16
21
32
34
44
48
51
64
79
82
85
83
77
72
57
49
48
47
49
51
54
51
47
50
53
55
58
58
52
56
58
58
61
55
55
59
56
55
63
60
50
45
34
14
7
1
0
0
0
0
0
0
0
0
0
0
0
0
0
0
0
0
0
0
0
0
2
3
4
2
1
1
7
7
7
3
1
6
6
2
0
1
13
29
33
40
36
30
37
46
55
54
57
60
66
66
65
66
62
55
45
41
39
38
43
48
54
51
51
56
57
61
64
67
74
73
74
69
56
55
56
51
51
52
52
54
49
41
36
29
14
1
0
0
0
0
0
0
0
0
0
0
0
0
0
0
0
0
0
0
0
1
4
4
3
1
0
0
4
7
8
6
2
4
22
31
31
29
23
29
41
44
48
47
45
48
46
40
38
38
42
45
48
52
55
57
54
52
49
46
42
43
50
57
57
58
60
62
72
76
74
67
68
66
57
53
51
51
51
52
46
43
45
46
43
32
16
9
2
0
0
0
0
0
0
0
0
0
0
0
0
0
0
0
0
0
0
4
5
3
1
0
0
1
8
16
23
34
30
21
22
26
40
39
39
36
35
35
36
38
36
35
37
34
29
31
33
38
46
47
50
59
60
58
58
59
53
50
49
49
50
62
71
74
71
63
57
57
58
56
49
47
43
40
42
52
56
48
48
48
35
29
22
15
8
0
0
0
0
0
0
0
0
0
0
0
0
0
0
0
0
0
0
3
6
8
8
13
16
22
27
23
27
32
33
31
33
32
29
32
31
27
26
30
29
31
30
31
30
33
34
33
38
40
51
55
54
55
57
54
51
52
53
56
62
63
58
58
59
59
57
52
53
52
50
44
40
41
39
34
37
45
52
51
52
43
35
30
25
20
9
0
0
0
0
0
0
0
0
0
0
0
0
0
0
0
2
6
9
14
23
24
22
21
20
21
22
24
24
25
30
33
33
27
25
22
21
22
26
30
29
25
30
35
40
45
47
45
42
40
43
46
45
51
54
54
55
54
53
55
58
62
59
57
51
48
46
46
43
39
42
42
41
38
33
33
41
45
40
39
40
42
41
34
27
23
8
0
0
0
0
0
0
0
0
0
0
0
2
6
10
13
16
17
17
15
19
26
24
22
21
19
19
18
17
16
22
27
30
29
28
21
20
22
21
29
35
39
41
44
40
39
43
42
44
46
46
45
43
40
41
43
45
46
52
53
51
50
51
47
43
38
42
41
41
42
43
38
36
34
32
27
33
38
40
38
34
35
33
36
30
16
7
0
0
0
0
0
0
0
0
5
9
12
12
13
15
16
14
14
17
20
20
19
22
20
16
15
15
13
13
19
27
26
25
30
28
33
34
30
25
24
25
33
40
45
47
47
44
40
34
33
36
41
44
44
42
41
40
41
38
35
30
32
39
52
51
46
42
37
36
37
35
33
29
27
22
27
32
38
36
35
32
29
29
25
23
11
5
2
0
0
0
0
5
10
9
10
10
13
13
13
13
14
15
16
17
17
15
16
14
16
19
17
14
13
16
25
30
29
26
22
21
28
32
31
30
32
32
32
32
33
32
38
40
42
40
38
38
39
40
39
34
25
17
14
22
25
39
47
45
43
44
41
41
38
28
27
27
27
27
26
28
28
28
31
32
29
28
22
20
17
11
6
4
3
0
0
9
9
9
10
10
11
11
10
11
11
11
13
14
15
14
13
14
15
15
18
17
18
17
18
24
23
24
26
25
23
23
27
30
23
29
27
27
26
28
33
37
37
38
39
40
37
35
31
23
20
18
19
21
25
26
31
36
36
34
35
35
33
34
33
27
22
23
24
30
24
24
26
22
26
25
21
20
15
14
5
4
4
6
0
0
0
9
9
10
10
10
11
11
11
10
11
13
12
16
17
18
20
19
17
18
18
19
17
17
20
25
26
30
28
28
23
21
22
22
20
29
33
33
33
33
35
34
37
34
34
30
28
27
25
31
26
29
29
22
17
18
29
35
32
32
32
32
33
30
32
30
28
29
28
25
23
24
19
20
21
21
17
13
6
4
4
4
6
0
0
0
0
9
10
10
10
10
11
10
10
10
13
17
19
21
20
21
20
20
22
25
23
20
14
12
15
19
27
26
29
31
25
24
26
26
28
30
29
29
28
30
31
33
31
28
27
32
35
35
34
33
28
24
16
12
18
25
28
31
32
30
29
32
33
34
36
32
30
24
24
21
20
16
18
18
18
12
6
5
3
2
7
2
0
0
0
0
0
9
9
10
9
9
10
11
15
17
16
16
19
21
20
27
29
26
23
21
16
12
9
9
15
21
25
27
29
35
32
27
27
28
27
28
25
23
23
21
24
31
36
36
39
39
34
32
23
19
18
16
19
22
24
24
26
28
32
32
32
34
35
33
29
24
25
22
19
16
15
14
13
11
7
4
2
4
5
1
0
0
0
0
0
0
0
9
10
9
10
12
15
16
15
15
16
19
21
26
26
27
24
22
18
17
16
14
12
10
17
22
25
27
30
31
29
26
23
25
22
25
26
24
24
25
30
32
32
33
32
28
26
24
23
22
18
20
19
24
26
30
28
30
32
33
31
29
27
25
26
24
21
14
11
11
10
11
5
2
4
4
3
0
0
0
0
0
0
0
0
0
0
8
9
13
14
13
14
15
19
19
18
21
20
23
22
20
20
21
25
23
20
14
9
9
16
21
24
24
24
30
27
27
22
24
23
26
28
26
27
24
26
25
25
24
25
24
25
21
24
27
26
22
23
25
24
27
28
29
29
27
25
25
23
21
19
13
7
9
6
8
2
4
4
2
0
0
0
0
0
0
0
0
0
0
0
0
0
6
8
10
13
18
19
18
18
16
20
18
19
17
17
18
24
25
21
20
19
17
10
8
12
17
22
22
23
24
23
25
24
25
26
24
25
22
21
21
22
25
26
26
21
18
21
23
22
26
26
25
24
24
23
22
22
25
26
26
19
18
14
11
9
6
7
3
2
2
0
0
1
0
0
0
0
0
0
0
0
0
0
0
0
0
0
4
6
13
15
20
23
20
22
21
22
22
24
19
22
25
25
24
21
22
23
24
25
15
16
20
22
25
27
26
28
29
29
28
31
28
29
28
25
28
25
29
29
27
24
24
28
27
29
31
31
29
25
27
25
27
25
24
22
21
15
13
11
7
2
2
0
0
0
0
0
1
1
0
0
0
0
0
0
0
0
0
0
0
0
0
0
5
7
12
15
18
22
20
21
26
30
27
28
24
28
26
23
24
28
28
30
29
29
25
27
25
23
26
27
30
32
35
35
34
37
38
37
38
36
32
28
28
29
31
33
30
32
30
31
31
29
28
27
26
29
26
26
22
14
13
12
6
0
0
0
0
0
0
0
0
1
1
0
0
0
0
0
0
0
0
0
0
0
0
0
0
0
6
9
13
13
15
18
24
24
24
30
30
26
27
30
28
34
33
33
33
28
25
30
32
31
34
34
31
34
37
38
40
38
41
45
43
44
43
43
36
34
34
35
35
35
29
28
30
31
33
33
30
29
24
18
16
17
11
9
7
3
4
2
0
0
0
0
0
0
1
0
0
0
0
0
0
0
0
0
0
0
0
0
0
0
0
0
6
7
12
14
12
21
26
27
27
23
24
26
32
37
31
28
33
31
33
38
38
31
28
28
35
42
44
48
49
50
47
49
47
49
49
51
47
44
42
38
35
37
37
38
34
34
30
27
31
25
17
15
12
10
11
11
5
5
5
4
5
4
0
0
0
0
1
1
0
0
0
0
0
0
0
0
0
0
0
0
0
0
0
0
0
0
2
5
8
11
21
22
22
23
31
38
38
35
30
24
23
23
30
34
32
34
29
32
34
32
39
53
50
58
63
61
64
62
62
54
52
48
45
43
42
45
46
46
45
42
34
23
14
10
16
16
15
13
10
7
3
2
0
5
7
5
10
6
0
0
1
1
0
0
0
0
0
0
0
0
0
0
0
0
0
0
0
0
0
0
0
0
